L(K(8))
28
-1 8 14 19 23 26 28 7 6 5 4 3 2
-2 9 15 20 24 27 28 7 6 5 4 3
-3 10 16 21 25 27 26 7 6 5 4
-4 11 17 22 25 24 23 7 6 5
-5 12 18 22 21 20 19 7 6
-6 13 18 17 16 15 14 7
-7 13 12 11 10 9 8
-8 14 19 23 26 28 13 12 11 10 9
-9 15 20 24 27 28 13 12 11 10
-10 16 21 25 27 26 13 12 11
-11 17 22 25 24 23 13 12
-12 18 22 21 20 19 13
-13 18 17 16 15 14
-14 19 23 26 28 18 17 16 15
-15 20 24 27 28 18 17 16
-16 21 25 27 26 18 17
-17 22 25 24 23 18
-18 22 21 20 19
-19 23 26 28 22 21 20
-20 24 27 28 22 21
-21 25 27 26 22
-22 25 24 23
-23 26 28 25 24
-24 27 28 25
-25 27 26
-26 28 27
-27 28
 0 
