L(L(K(6)))
53
-1 46 45 43 21 44 26 7 6 5 4 3 2
-2 52 50 39 16 51 27 7 6 5 4 3
-3 53 47 34 10 51 44 28 7 6 5 4
-4 11 17 22 25 24 23 7 6 5
-5 12 18 22 21 20 19 7 6
-6 13 18 17 16 15 14 7
-7 13 12 11 10 9 8
-8 46 48 42 20 47 32 13 12 11 10 9
-9 52 49 38 15 53 33 13 12 11 10
-10 53 47 34 51 44 28 13 12 11
-11 17 22 25 24 23 13 12
-12 18 22 21 20 19 13
-13 18 17 16 15 14
-14 45 48 41 50 49 37 18 17 16 15
-15 52 49 38 53 33 18 17 16
-16 52 50 39 51 27 18 17
-17 22 25 24 23 18
-18 22 21 20 19
-19 29 35 40 43 42 41 22 21 20
-20 46 48 42 47 32 22 21
-21 46 45 43 44 26 22
-22 25 24 23
-23 30 36 40 39 38 37 25 24
-24 31 36 35 34 33 32 25
-25 31 30 29 28 27 26
-26 46 45 43 44 31 30 29 28 27
-27 52 50 39 51 31 30 29 28
-28 53 47 34 51 44 31 30 29
-29 35 40 43 42 41 31 30
-30 36 40 39 38 37 31
-31 36 35 34 33 32
-32 46 48 42 47 36 35 34 33
-33 52 49 38 53 36 35 34
-34 53 47 51 44 36 35
-35 40 43 42 41 36
-36 40 39 38 37
-37 45 48 41 50 49 40 39 38
-38 52 49 53 40 39
-39 52 50 51 40
-40 43 42 41
-41 45 48 50 49 43 42
-42 46 48 47 43
-43 46 45 44
-44 53 47 51 46 45
-45 48 50 49 46
-46 48 47
-47 53 51 48
-48 50 49
-49 52 53 50
-50 52 51
-51 53 52
-52 53
 0 
