G(100, 4)
200
-1 2 100 101
-2 3 1 102
-3 4 2 103
-4 5 3 104
-5 6 4 105
-6 7 5 106
-7 8 6 107
-8 9 7 108
-9 10 8 109
-10 11 9 110
-11 12 10 111
-12 13 11 112
-13 14 12 113
-14 15 13 114
-15 16 14 115
-16 17 15 116
-17 18 16 117
-18 19 17 118
-19 20 18 119
-20 21 19 120
-21 22 20 121
-22 23 21 122
-23 24 22 123
-24 25 23 124
-25 26 24 125
-26 27 25 126
-27 28 26 127
-28 29 27 128
-29 30 28 129
-30 31 29 130
-31 32 30 131
-32 33 31 132
-33 34 32 133
-34 35 33 134
-35 36 34 135
-36 37 35 136
-37 38 36 137
-38 39 37 138
-39 40 38 139
-40 41 39 140
-41 42 40 141
-42 43 41 142
-43 44 42 143
-44 45 43 144
-45 46 44 145
-46 47 45 146
-47 48 46 147
-48 49 47 148
-49 50 48 149
-50 51 49 150
-51 52 50 151
-52 53 51 152
-53 54 52 153
-54 55 53 154
-55 56 54 155
-56 57 55 156
-57 58 56 157
-58 59 57 158
-59 60 58 159
-60 61 59 160
-61 62 60 161
-62 63 61 162
-63 64 62 163
-64 65 63 164
-65 66 64 165
-66 67 65 166
-67 68 66 167
-68 69 67 168
-69 70 68 169
-70 71 69 170
-71 72 70 171
-72 73 71 172
-73 74 72 173
-74 75 73 174
-75 76 74 175
-76 77 75 176
-77 78 76 177
-78 79 77 178
-79 80 78 179
-80 81 79 180
-81 82 80 181
-82 83 81 182
-83 84 82 183
-84 85 83 184
-85 86 84 185
-86 87 85 186
-87 88 86 187
-88 89 87 188
-89 90 88 189
-90 91 89 190
-91 92 90 191
-92 93 91 192
-93 94 92 193
-94 95 93 194
-95 96 94 195
-96 97 95 196
-97 98 96 197
-98 99 97 198
-99 100 98 199
-100 99 1 200
-101 105 197
-102 106 198
-103 107 199
-104 108 200
-105 109 101
-106 110 102
-107 111 103
-108 112 104
-109 113 105
-110 114 106
-111 115 107
-112 116 108
-113 117 109
-114 118 110
-115 119 111
-116 120 112
-117 121 113
-118 122 114
-119 123 115
-120 124 116
-121 125 117
-122 126 118
-123 127 119
-124 128 120
-125 129 121
-126 130 122
-127 131 123
-128 132 124
-129 133 125
-130 134 126
-131 135 127
-132 136 128
-133 137 129
-134 138 130
-135 139 131
-136 140 132
-137 141 133
-138 142 134
-139 143 135
-140 144 136
-141 145 137
-142 146 138
-143 147 139
-144 148 140
-145 149 141
-146 150 142
-147 151 143
-148 152 144
-149 153 145
-150 154 146
-151 155 147
-152 156 148
-153 157 149
-154 158 150
-155 159 151
-156 160 152
-157 161 153
-158 162 154
-159 163 155
-160 164 156
-161 165 157
-162 166 158
-163 167 159
-164 168 160
-165 169 161
-166 170 162
-167 171 163
-168 172 164
-169 173 165
-170 174 166
-171 175 167
-172 176 168
-173 177 169
-174 178 170
-175 179 171
-176 180 172
-177 181 173
-178 182 174
-179 183 175
-180 184 176
-181 185 177
-182 186 178
-183 187 179
-184 188 180
-185 189 181
-186 190 182
-187 191 183
-188 192 184
-189 193 185
-190 194 186
-191 195 187
-192 196 188
-193 197 189
-194 198 190
-195 199 191
-196 200 192
-197 101 193
-198 102 194
-199 103 195
-200 104 196
0