Antipod(L(L(K(8))))
168
-1 164 151 126 161 146 119 163 155 132 145 118 149 148 137 117 123 122 121 154 131 150 125 153 136 124 129 128 135 130 134
-2 164 151 86 161 146 77 163 155 94 145 76 149 148 101 75 82 81 80 154 93 150 85 153 100 84 90 89 99 92 97
-3 164 126 86 161 119 77 163 132 94 118 76 123 122 107 74 82 81 79 131 93 125 85 129 106 83 90 88 105 91 96
-4 151 126 86 146 119 77 149 137 101 117 75 123 121 107 74 82 80 79 136 100 124 84 128 106 83 89 88 104 98 103
-5 155 132 94 145 118 76 148 137 101 117 75 122 121 107 74 81 80 79 135 99 130 92 134 105 91 97 96 104 98 103
-6 154 131 93 150 125 85 153 136 100 124 84 129 128 106 83 90 89 88 135 99 130 92 134 105 91 97 96 104 98 103
-7 164 151 126 161 146 119 163 155 132 145 118 149 148 137 117 123 122 121 154 131 150 125 153 136 124 129 128 135 130 134
-8 164 151 86 161 146 77 163 155 94 145 76 149 148 101 75 82 81 80 154 93 150 85 153 100 84 90 89 99 92 97
-9 164 126 86 161 119 77 163 132 94 118 76 123 122 107 74 82 81 79 131 93 125 85 129 106 83 90 88 105 91 96
-10 151 126 86 146 119 77 149 137 101 117 75 123 121 107 74 82 80 79 136 100 124 84 128 106 83 89 88 104 98 103
-11 155 132 94 145 118 76 148 137 101 117 75 122 121 107 74 81 80 79 135 99 130 92 134 105 91 97 96 104 98 103
-12 154 131 93 150 125 85 153 136 100 124 84 129 128 106 83 90 89 88 135 99 130 92 134 105 91 97 96 104 98 103
-13 165 152 127 157 140 111 159 156 133 139 110 143 142 138 109 115 114 113 154 131 150 125 153 136 124 129 128 135 130 134
-14 165 152 87 157 140 67 159 156 95 139 66 143 142 102 65 72 71 70 154 93 150 85 153 100 84 90 89 99 92 97
-15 165 127 87 157 111 67 159 133 95 110 66 115 114 108 64 72 71 69 131 93 125 85 129 106 83 90 88 105 91 96
-16 152 127 87 140 111 67 143 138 102 109 65 115 113 108 64 72 70 69 136 100 124 84 128 106 83 89 88 104 98 103
-17 156 133 95 139 110 66 142 138 102 109 65 114 113 108 64 71 70 69 135 99 130 92 134 105 91 97 96 104 98 103
-18 154 131 93 150 125 85 153 136 100 124 84 129 128 106 83 90 89 88 135 99 130 92 134 105 91 97 96 104 98 103
-19 165 152 127 157 140 111 159 156 133 139 110 143 142 138 109 115 114 113 154 131 150 125 153 136 124 129 128 135 130 134
-20 165 152 87 157 140 67 159 156 95 139 66 143 142 102 65 72 71 70 154 93 150 85 153 100 84 90 89 99 92 97
-21 165 127 87 157 111 67 159 133 95 110 66 115 114 108 64 72 71 69 131 93 125 85 129 106 83 90 88 105 91 96
-22 152 127 87 140 111 67 143 138 102 109 65 115 113 108 64 72 70 69 136 100 124 84 128 106 83 89 88 104 98 103
-23 156 133 95 139 110 66 142 138 102 109 65 114 113 108 64 71 70 69 135 99 130 92 134 105 91 97 96 104 98 103
-24 162 147 120 158 141 112 160 156 133 139 110 144 142 138 109 116 114 113 155 132 145 118 148 137 117 122 121 135 130 134
-25 162 147 78 158 141 68 160 156 95 139 66 144 142 102 65 73 71 70 155 94 145 76 148 101 75 81 80 99 92 97
-26 162 120 78 158 112 68 160 133 95 110 66 116 114 108 64 73 71 69 132 94 118 76 122 107 74 81 79 105 91 96
-27 147 120 78 141 112 68 144 138 102 109 65 116 113 108 64 73 70 69 137 101 117 75 121 107 74 80 79 104 98 103
-28 156 133 95 139 110 66 142 138 102 109 65 114 113 108 64 71 70 69 135 99 130 92 134 105 91 97 96 104 98 103
-29 155 132 94 145 118 76 148 137 101 117 75 122 121 107 74 81 80 79 135 99 130 92 134 105 91 97 96 104 98 103
-30 162 147 120 158 141 112 160 156 133 139 110 144 142 138 109 116 114 113 155 132 145 118 148 137 117 122 121 135 130 134
-31 162 147 78 158 141 68 160 156 95 139 66 144 142 102 65 73 71 70 155 94 145 76 148 101 75 81 80 99 92 97
-32 162 120 78 158 112 68 160 133 95 110 66 116 114 108 64 73 71 69 132 94 118 76 122 107 74 81 79 105 91 96
-33 147 120 78 141 112 68 144 138 102 109 65 116 113 108 64 73 70 69 137 101 117 75 121 107 74 80 79 104 98 103
-34 168 147 120 166 141 112 167 152 127 140 111 144 143 138 109 116 115 113 151 126 146 119 149 137 117 123 121 136 124 128
-35 168 147 78 166 141 68 167 152 87 140 67 144 143 102 65 73 72 70 151 86 146 77 149 101 75 82 80 100 84 89
-36 168 120 78 166 112 68 167 127 87 111 67 116 115 108 64 73 72 69 126 86 119 77 123 107 74 82 79 106 83 88
-37 147 120 78 141 112 68 144 138 102 109 65 116 113 108 64 73 70 69 137 101 117 75 121 107 74 80 79 104 98 103
-38 152 127 87 140 111 67 143 138 102 109 65 115 113 108 64 72 70 69 136 100 124 84 128 106 83 89 88 104 98 103
-39 151 126 86 146 119 77 149 137 101 117 75 123 121 107 74 82 80 79 136 100 124 84 128 106 83 89 88 104 98 103
-40 168 147 120 166 141 112 167 152 127 140 111 144 143 138 109 116 115 113 151 126 146 119 149 137 117 123 121 136 124 128
-41 168 147 78 166 141 68 167 152 87 140 67 144 143 102 65 73 72 70 151 86 146 77 149 101 75 82 80 100 84 89
-42 168 120 78 166 112 68 167 127 87 111 67 116 115 108 64 73 72 69 126 86 119 77 123 107 74 82 79 106 83 88
-43 168 162 120 166 158 112 167 165 127 157 111 160 159 133 110 116 115 114 164 126 161 119 163 132 118 123 122 131 125 129
-44 168 162 78 166 158 68 167 165 87 157 67 160 159 95 66 73 72 71 164 86 161 77 163 94 76 82 81 93 85 90
-45 168 120 78 166 112 68 167 127 87 111 67 116 115 108 64 73 72 69 126 86 119 77 123 107 74 82 79 106 83 88
-46 162 120 78 158 112 68 160 133 95 110 66 116 114 108 64 73 71 69 132 94 118 76 122 107 74 81 79 105 91 96
-47 165 127 87 157 111 67 159 133 95 110 66 115 114 108 64 72 71 69 131 93 125 85 129 106 83 90 88 105 91 96
-48 164 126 86 161 119 77 163 132 94 118 76 123 122 107 74 82 81 79 131 93 125 85 129 106 83 90 88 105 91 96
-49 168 162 120 166 158 112 167 165 127 157 111 160 159 133 110 116 115 114 164 126 161 119 163 132 118 123 122 131 125 129
-50 168 162 78 166 158 68 167 165 87 157 67 160 159 95 66 73 72 71 164 86 161 77 163 94 76 82 81 93 85 90
-51 168 162 147 166 158 141 167 165 152 157 140 160 159 156 139 144 143 142 164 151 161 146 163 155 145 149 148 154 150 153
-52 168 162 78 166 158 68 167 165 87 157 67 160 159 95 66 73 72 71 164 86 161 77 163 94 76 82 81 93 85 90
-53 168 147 78 166 141 68 167 152 87 140 67 144 143 102 65 73 72 70 151 86 146 77 149 101 75 82 80 100 84 89
-54 162 147 78 158 141 68 160 156 95 139 66 144 142 102 65 73 71 70 155 94 145 76 148 101 75 81 80 99 92 97
-55 165 152 87 157 140 67 159 156 95 139 66 143 142 102 65 72 71 70 154 93 150 85 153 100 84 90 89 99 92 97
-56 164 151 86 161 146 77 163 155 94 145 76 149 148 101 75 82 81 80 154 93 150 85 153 100 84 90 89 99 92 97
-57 168 162 147 166 158 141 167 165 152 157 140 160 159 156 139 144 143 142 164 151 161 146 163 155 145 149 148 154 150 153
-58 168 162 147 166 158 141 167 165 152 157 140 160 159 156 139 144 143 142 164 151 161 146 163 155 145 149 148 154 150 153
-59 168 162 120 166 158 112 167 165 127 157 111 160 159 133 110 116 115 114 164 126 161 119 163 132 118 123 122 131 125 129
-60 168 147 120 166 141 112 167 152 127 140 111 144 143 138 109 116 115 113 151 126 146 119 149 137 117 123 121 136 124 128
-61 162 147 120 158 141 112 160 156 133 139 110 144 142 138 109 116 114 113 155 132 145 118 148 137 117 122 121 135 130 134
-62 165 152 127 157 140 111 159 156 133 139 110 143 142 138 109 115 114 113 154 131 150 125 153 136 124 129 128 135 130 134
-63 164 151 126 161 146 119 163 155 132 145 118 149 148 137 117 123 122 121 154 131 150 125 153 136 124 129 128 135 130 134
-64 164 151 161 146 163 155 145 149 148 154 150 153
-65 164 126 161 119 163 132 118 123 122 131 125 129
-66 151 126 146 119 149 137 117 123 121 136 124 128
-67 155 132 145 118 148 137 117 122 121 135 130 134
-68 154 131 150 125 153 136 124 129 128 135 130 134
-69 164 151 161 146 163 155 145 149 148 154 150 153
-70 164 126 161 119 163 132 118 123 122 131 125 129
-71 151 126 146 119 149 137 117 123 121 136 124 128
-72 155 132 145 118 148 137 117 122 121 135 130 134
-73 154 131 150 125 153 136 124 129 128 135 130 134
-74 165 152 157 140 159 156 139 143 142 154 150 153
-75 165 127 157 111 159 133 110 115 114 131 125 129
-76 152 127 140 111 143 138 109 115 113 136 124 128
-77 156 133 139 110 142 138 109 114 113 135 130 134
-78 154 131 150 125 153 136 124 129 128 135 130 134
-79 165 152 157 140 159 156 139 143 142 154 150 153
-80 165 127 157 111 159 133 110 115 114 131 125 129
-81 152 127 140 111 143 138 109 115 113 136 124 128
-82 156 133 139 110 142 138 109 114 113 135 130 134
-83 162 147 158 141 160 156 139 144 142 155 145 148
-84 162 120 158 112 160 133 110 116 114 132 118 122
-85 147 120 141 112 144 138 109 116 113 137 117 121
-86 156 133 139 110 142 138 109 114 113 135 130 134
-87 155 132 145 118 148 137 117 122 121 135 130 134
-88 162 147 158 141 160 156 139 144 142 155 145 148
-89 162 120 158 112 160 133 110 116 114 132 118 122
-90 147 120 141 112 144 138 109 116 113 137 117 121
-91 168 147 166 141 167 152 140 144 143 151 146 149
-92 168 120 166 112 167 127 111 116 115 126 119 123
-93 147 120 141 112 144 138 109 116 113 137 117 121
-94 152 127 140 111 143 138 109 115 113 136 124 128
-95 151 126 146 119 149 137 117 123 121 136 124 128
-96 168 147 166 141 167 152 140 144 143 151 146 149
-97 168 120 166 112 167 127 111 116 115 126 119 123
-98 168 162 166 158 167 165 157 160 159 164 161 163
-99 168 120 166 112 167 127 111 116 115 126 119 123
-100 162 120 158 112 160 133 110 116 114 132 118 122
-101 165 127 157 111 159 133 110 115 114 131 125 129
-102 164 126 161 119 163 132 118 123 122 131 125 129
-103 168 162 166 158 167 165 157 160 159 164 161 163
-104 168 162 166 158 167 165 157 160 159 164 161 163
-105 168 147 166 141 167 152 140 144 143 151 146 149
-106 162 147 158 141 160 156 139 144 142 155 145 148
-107 165 152 157 140 159 156 139 143 142 154 150 153
-108 164 151 161 146 163 155 145 149 148 154 150 153
-109 164 161 163
-110 151 146 149
-111 155 145 148
-112 154 150 153
-113 164 161 163
-114 151 146 149
-115 155 145 148
-116 154 150 153
-117 165 157 159
-118 152 140 143
-119 156 139 142
-120 154 150 153
-121 165 157 159
-122 152 140 143
-123 156 139 142
-124 162 158 160
-125 147 141 144
-126 156 139 142
-127 155 145 148
-128 162 158 160
-129 147 141 144
-130 168 166 167
-131 147 141 144
-132 152 140 143
-133 151 146 149
-134 168 166 167
-135 168 166 167
-136 162 158 160
-137 165 157 159
-138 164 161 163
 0 

