G(100, 6)
200
-1 2 100 101
-2 3 1 102
-3 4 2 103
-4 5 3 104
-5 6 4 105
-6 7 5 106
-7 8 6 107
-8 9 7 108
-9 10 8 109
-10 11 9 110
-11 12 10 111
-12 13 11 112
-13 14 12 113
-14 15 13 114
-15 16 14 115
-16 17 15 116
-17 18 16 117
-18 19 17 118
-19 20 18 119
-20 21 19 120
-21 22 20 121
-22 23 21 122
-23 24 22 123
-24 25 23 124
-25 26 24 125
-26 27 25 126
-27 28 26 127
-28 29 27 128
-29 30 28 129
-30 31 29 130
-31 32 30 131
-32 33 31 132
-33 34 32 133
-34 35 33 134
-35 36 34 135
-36 37 35 136
-37 38 36 137
-38 39 37 138
-39 40 38 139
-40 41 39 140
-41 42 40 141
-42 43 41 142
-43 44 42 143
-44 45 43 144
-45 46 44 145
-46 47 45 146
-47 48 46 147
-48 49 47 148
-49 50 48 149
-50 51 49 150
-51 52 50 151
-52 53 51 152
-53 54 52 153
-54 55 53 154
-55 56 54 155
-56 57 55 156
-57 58 56 157
-58 59 57 158
-59 60 58 159
-60 61 59 160
-61 62 60 161
-62 63 61 162
-63 64 62 163
-64 65 63 164
-65 66 64 165
-66 67 65 166
-67 68 66 167
-68 69 67 168
-69 70 68 169
-70 71 69 170
-71 72 70 171
-72 73 71 172
-73 74 72 173
-74 75 73 174
-75 76 74 175
-76 77 75 176
-77 78 76 177
-78 79 77 178
-79 80 78 179
-80 81 79 180
-81 82 80 181
-82 83 81 182
-83 84 82 183
-84 85 83 184
-85 86 84 185
-86 87 85 186
-87 88 86 187
-88 89 87 188
-89 90 88 189
-90 91 89 190
-91 92 90 191
-92 93 91 192
-93 94 92 193
-94 95 93 194
-95 96 94 195
-96 97 95 196
-97 98 96 197
-98 99 97 198
-99 100 98 199
-100 99 1 200
-101 107 195
-102 108 196
-103 109 197
-104 110 198
-105 111 199
-106 112 200
-107 113 101
-108 114 102
-109 115 103
-110 116 104
-111 117 105
-112 118 106
-113 119 107
-114 120 108
-115 121 109
-116 122 110
-117 123 111
-118 124 112
-119 125 113
-120 126 114
-121 127 115
-122 128 116
-123 129 117
-124 130 118
-125 131 119
-126 132 120
-127 133 121
-128 134 122
-129 135 123
-130 136 124
-131 137 125
-132 138 126
-133 139 127
-134 140 128
-135 141 129
-136 142 130
-137 143 131
-138 144 132
-139 145 133
-140 146 134
-141 147 135
-142 148 136
-143 149 137
-144 150 138
-145 151 139
-146 152 140
-147 153 141
-148 154 142
-149 155 143
-150 156 144
-151 157 145
-152 158 146
-153 159 147
-154 160 148
-155 161 149
-156 162 150
-157 163 151
-158 164 152
-159 165 153
-160 166 154
-161 167 155
-162 168 156
-163 169 157
-164 170 158
-165 171 159
-166 172 160
-167 173 161
-168 174 162
-169 175 163
-170 176 164
-171 177 165
-172 178 166
-173 179 167
-174 180 168
-175 181 169
-176 182 170
-177 183 171
-178 184 172
-179 185 173
-180 186 174
-181 187 175
-182 188 176
-183 189 177
-184 190 178
-185 191 179
-186 192 180
-187 193 181
-188 194 182
-189 195 183
-190 196 184
-191 197 185
-192 198 186
-193 199 187
-194 200 188
-195 101 189
-196 102 190
-197 103 191
-198 104 192
-199 105 193
-200 106 194
0