G(100, 1)
200
-1 2 100 101
-2 3 1 102
-3 4 2 103
-4 5 3 104
-5 6 4 105
-6 7 5 106
-7 8 6 107
-8 9 7 108
-9 10 8 109
-10 11 9 110
-11 12 10 111
-12 13 11 112
-13 14 12 113
-14 15 13 114
-15 16 14 115
-16 17 15 116
-17 18 16 117
-18 19 17 118
-19 20 18 119
-20 21 19 120
-21 22 20 121
-22 23 21 122
-23 24 22 123
-24 25 23 124
-25 26 24 125
-26 27 25 126
-27 28 26 127
-28 29 27 128
-29 30 28 129
-30 31 29 130
-31 32 30 131
-32 33 31 132
-33 34 32 133
-34 35 33 134
-35 36 34 135
-36 37 35 136
-37 38 36 137
-38 39 37 138
-39 40 38 139
-40 41 39 140
-41 42 40 141
-42 43 41 142
-43 44 42 143
-44 45 43 144
-45 46 44 145
-46 47 45 146
-47 48 46 147
-48 49 47 148
-49 50 48 149
-50 51 49 150
-51 52 50 151
-52 53 51 152
-53 54 52 153
-54 55 53 154
-55 56 54 155
-56 57 55 156
-57 58 56 157
-58 59 57 158
-59 60 58 159
-60 61 59 160
-61 62 60 161
-62 63 61 162
-63 64 62 163
-64 65 63 164
-65 66 64 165
-66 67 65 166
-67 68 66 167
-68 69 67 168
-69 70 68 169
-70 71 69 170
-71 72 70 171
-72 73 71 172
-73 74 72 173
-74 75 73 174
-75 76 74 175
-76 77 75 176
-77 78 76 177
-78 79 77 178
-79 80 78 179
-80 81 79 180
-81 82 80 181
-82 83 81 182
-83 84 82 183
-84 85 83 184
-85 86 84 185
-86 87 85 186
-87 88 86 187
-88 89 87 188
-89 90 88 189
-90 91 89 190
-91 92 90 191
-92 93 91 192
-93 94 92 193
-94 95 93 194
-95 96 94 195
-96 97 95 196
-97 98 96 197
-98 99 97 198
-99 100 98 199
-100 99 1 200
-101 102 200
-102 103 101
-103 104 102
-104 105 103
-105 106 104
-106 107 105
-107 108 106
-108 109 107
-109 110 108
-110 111 109
-111 112 110
-112 113 111
-113 114 112
-114 115 113
-115 116 114
-116 117 115
-117 118 116
-118 119 117
-119 120 118
-120 121 119
-121 122 120
-122 123 121
-123 124 122
-124 125 123
-125 126 124
-126 127 125
-127 128 126
-128 129 127
-129 130 128
-130 131 129
-131 132 130
-132 133 131
-133 134 132
-134 135 133
-135 136 134
-136 137 135
-137 138 136
-138 139 137
-139 140 138
-140 141 139
-141 142 140
-142 143 141
-143 144 142
-144 145 143
-145 146 144
-146 147 145
-147 148 146
-148 149 147
-149 150 148
-150 151 149
-151 152 150
-152 153 151
-153 154 152
-154 155 153
-155 156 154
-156 157 155
-157 158 156
-158 159 157
-159 160 158
-160 161 159
-161 162 160
-162 163 161
-163 164 162
-164 165 163
-165 166 164
-166 167 165
-167 168 166
-168 169 167
-169 170 168
-170 171 169
-171 172 170
-172 173 171
-173 174 172
-174 175 173
-175 176 174
-176 177 175
-177 178 176
-178 179 177
-179 180 178
-180 181 179
-181 182 180
-182 183 181
-183 184 182
-184 185 183
-185 186 184
-186 187 185
-187 188 186
-188 189 187
-189 190 188
-190 191 189
-191 192 190
-192 193 191
-193 194 192
-194 195 193
-195 196 194
-196 197 195
-197 198 196
-198 199 197
-199 200 198
-200 199 101
0