G(100, 2)
200
-1 2 100 101
-2 3 1 102
-3 4 2 103
-4 5 3 104
-5 6 4 105
-6 7 5 106
-7 8 6 107
-8 9 7 108
-9 10 8 109
-10 11 9 110
-11 12 10 111
-12 13 11 112
-13 14 12 113
-14 15 13 114
-15 16 14 115
-16 17 15 116
-17 18 16 117
-18 19 17 118
-19 20 18 119
-20 21 19 120
-21 22 20 121
-22 23 21 122
-23 24 22 123
-24 25 23 124
-25 26 24 125
-26 27 25 126
-27 28 26 127
-28 29 27 128
-29 30 28 129
-30 31 29 130
-31 32 30 131
-32 33 31 132
-33 34 32 133
-34 35 33 134
-35 36 34 135
-36 37 35 136
-37 38 36 137
-38 39 37 138
-39 40 38 139
-40 41 39 140
-41 42 40 141
-42 43 41 142
-43 44 42 143
-44 45 43 144
-45 46 44 145
-46 47 45 146
-47 48 46 147
-48 49 47 148
-49 50 48 149
-50 51 49 150
-51 52 50 151
-52 53 51 152
-53 54 52 153
-54 55 53 154
-55 56 54 155
-56 57 55 156
-57 58 56 157
-58 59 57 158
-59 60 58 159
-60 61 59 160
-61 62 60 161
-62 63 61 162
-63 64 62 163
-64 65 63 164
-65 66 64 165
-66 67 65 166
-67 68 66 167
-68 69 67 168
-69 70 68 169
-70 71 69 170
-71 72 70 171
-72 73 71 172
-73 74 72 173
-74 75 73 174
-75 76 74 175
-76 77 75 176
-77 78 76 177
-78 79 77 178
-79 80 78 179
-80 81 79 180
-81 82 80 181
-82 83 81 182
-83 84 82 183
-84 85 83 184
-85 86 84 185
-86 87 85 186
-87 88 86 187
-88 89 87 188
-89 90 88 189
-90 91 89 190
-91 92 90 191
-92 93 91 192
-93 94 92 193
-94 95 93 194
-95 96 94 195
-96 97 95 196
-97 98 96 197
-98 99 97 198
-99 100 98 199
-100 99 1 200
-101 103 199
-102 104 200
-103 105 101
-104 106 102
-105 107 103
-106 108 104
-107 109 105
-108 110 106
-109 111 107
-110 112 108
-111 113 109
-112 114 110
-113 115 111
-114 116 112
-115 117 113
-116 118 114
-117 119 115
-118 120 116
-119 121 117
-120 122 118
-121 123 119
-122 124 120
-123 125 121
-124 126 122
-125 127 123
-126 128 124
-127 129 125
-128 130 126
-129 131 127
-130 132 128
-131 133 129
-132 134 130
-133 135 131
-134 136 132
-135 137 133
-136 138 134
-137 139 135
-138 140 136
-139 141 137
-140 142 138
-141 143 139
-142 144 140
-143 145 141
-144 146 142
-145 147 143
-146 148 144
-147 149 145
-148 150 146
-149 151 147
-150 152 148
-151 153 149
-152 154 150
-153 155 151
-154 156 152
-155 157 153
-156 158 154
-157 159 155
-158 160 156
-159 161 157
-160 162 158
-161 163 159
-162 164 160
-163 165 161
-164 166 162
-165 167 163
-166 168 164
-167 169 165
-168 170 166
-169 171 167
-170 172 168
-171 173 169
-172 174 170
-173 175 171
-174 176 172
-175 177 173
-176 178 174
-177 179 175
-178 180 176
-179 181 177
-180 182 178
-181 183 179
-182 184 180
-183 185 181
-184 186 182
-185 187 183
-186 188 184
-187 189 185
-188 190 186
-189 191 187
-190 192 188
-191 193 189
-192 194 190
-193 195 191
-194 196 192
-195 197 193
-196 198 194
-197 199 195
-198 200 196
-199 101 197
-200 102 198
0