L(L(K(8)))
168
-1 73 72 71 70 69 63 68 67 66 65 64 12 11 10 9 8 7 6 5 4 3 2
-2 116 115 114 113 108 56 112 111 110 109 64 12 11 10 9 8 7 6 5 4 3
-3 144 143 142 138 102 48 141 140 139 109 65 12 11 10 9 8 7 6 5 4
-4 160 159 156 133 95 39 158 157 139 110 66 12 11 10 9 8 7 6 5
-5 167 165 152 127 87 29 166 157 140 111 67 12 11 10 9 8 7 6
-6 168 162 147 120 78 18 166 158 141 112 68 12 11 10 9 8 7
-7 19 30 40 49 57 63 62 61 60 59 58 12 11 10 9 8
-8 20 31 41 50 57 56 55 54 53 52 51 12 11 10 9
-9 21 32 42 50 49 48 47 46 45 44 43 12 11 10
-10 22 33 42 41 40 39 38 37 36 35 34 12 11
-11 23 33 32 31 30 29 28 27 26 25 24 12
-12 23 22 21 20 19 18 17 16 15 14 13
-13 73 82 81 80 79 62 78 77 76 75 74 23 22 21 20 19 18 17 16 15 14
-14 116 123 122 121 107 55 120 119 118 117 74 23 22 21 20 19 18 17 16 15
-15 144 149 148 137 101 47 147 146 145 117 75 23 22 21 20 19 18 17 16
-16 160 163 155 132 94 38 162 161 145 118 76 23 22 21 20 19 18 17
-17 167 164 151 126 86 28 168 161 146 119 77 23 22 21 20 19 18
-18 168 162 147 120 78 166 158 141 112 68 23 22 21 20 19
-19 30 40 49 57 63 62 61 60 59 58 23 22 21 20
-20 31 41 50 57 56 55 54 53 52 51 23 22 21
-21 32 42 50 49 48 47 46 45 44 43 23 22
-22 33 42 41 40 39 38 37 36 35 34 23
-23 33 32 31 30 29 28 27 26 25 24
-24 72 82 90 89 88 61 87 86 85 84 83 33 32 31 30 29 28 27 26 25
-25 115 123 129 128 106 54 127 126 125 124 83 33 32 31 30 29 28 27 26
-26 143 149 153 136 100 46 152 151 150 124 84 33 32 31 30 29 28 27
-27 159 163 154 131 93 37 165 164 150 125 85 33 32 31 30 29 28
-28 167 164 151 126 86 168 161 146 119 77 33 32 31 30 29
-29 167 165 152 127 87 166 157 140 111 67 33 32 31 30
-30 40 49 57 63 62 61 60 59 58 33 32 31
-31 41 50 57 56 55 54 53 52 51 33 32
-32 42 50 49 48 47 46 45 44 43 33
-33 42 41 40 39 38 37 36 35 34
-34 71 81 90 97 96 60 95 94 93 92 91 42 41 40 39 38 37 36 35
-35 114 122 129 134 105 53 133 132 131 130 91 42 41 40 39 38 37 36
-36 142 148 153 135 99 45 156 155 154 130 92 42 41 40 39 38 37
-37 159 163 154 131 93 165 164 150 125 85 42 41 40 39 38
-38 160 163 155 132 94 162 161 145 118 76 42 41 40 39
-39 160 159 156 133 95 158 157 139 110 66 42 41 40
-40 49 57 63 62 61 60 59 58 42 41
-41 50 57 56 55 54 53 52 51 42
-42 50 49 48 47 46 45 44 43
-43 70 80 89 97 103 59 102 101 100 99 98 50 49 48 47 46 45 44
-44 113 121 128 134 104 52 138 137 136 135 98 50 49 48 47 46 45
-45 142 148 153 135 99 156 155 154 130 92 50 49 48 47 46
-46 143 149 153 136 100 152 151 150 124 84 50 49 48 47
-47 144 149 148 137 101 147 146 145 117 75 50 49 48
-48 144 143 142 138 102 141 140 139 109 65 50 49
-49 57 63 62 61 60 59 58 50
-50 57 56 55 54 53 52 51
-51 69 79 88 96 103 58 108 107 106 105 104 57 56 55 54 53 52
-52 113 121 128 134 104 138 137 136 135 98 57 56 55 54 53
-53 114 122 129 134 105 133 132 131 130 91 57 56 55 54
-54 115 123 129 128 106 127 126 125 124 83 57 56 55
-55 116 123 122 121 107 120 119 118 117 74 57 56
-56 116 115 114 113 108 112 111 110 109 64 57
-57 63 62 61 60 59 58
-58 69 79 88 96 103 108 107 106 105 104 63 62 61 60 59
-59 70 80 89 97 103 102 101 100 99 98 63 62 61 60
-60 71 81 90 97 96 95 94 93 92 91 63 62 61
-61 72 82 90 89 88 87 86 85 84 83 63 62
-62 73 82 81 80 79 78 77 76 75 74 63
-63 73 72 71 70 69 68 67 66 65 64
-64 116 115 114 113 108 112 111 110 109 73 72 71 70 69 68 67 66 65
-65 144 143 142 138 102 141 140 139 109 73 72 71 70 69 68 67 66
-66 160 159 156 133 95 158 157 139 110 73 72 71 70 69 68 67
-67 167 165 152 127 87 166 157 140 111 73 72 71 70 69 68
-68 168 162 147 120 78 166 158 141 112 73 72 71 70 69
-69 79 88 96 103 108 107 106 105 104 73 72 71 70
-70 80 89 97 103 102 101 100 99 98 73 72 71
-71 81 90 97 96 95 94 93 92 91 73 72
-72 82 90 89 88 87 86 85 84 83 73
-73 82 81 80 79 78 77 76 75 74
-74 116 123 122 121 107 120 119 118 117 82 81 80 79 78 77 76 75
-75 144 149 148 137 101 147 146 145 117 82 81 80 79 78 77 76
-76 160 163 155 132 94 162 161 145 118 82 81 80 79 78 77
-77 167 164 151 126 86 168 161 146 119 82 81 80 79 78
-78 168 162 147 120 166 158 141 112 82 81 80 79
-79 88 96 103 108 107 106 105 104 82 81 80
-80 89 97 103 102 101 100 99 98 82 81
-81 90 97 96 95 94 93 92 91 82
-82 90 89 88 87 86 85 84 83
-83 115 123 129 128 106 127 126 125 124 90 89 88 87 86 85 84
-84 143 149 153 136 100 152 151 150 124 90 89 88 87 86 85
-85 159 163 154 131 93 165 164 150 125 90 89 88 87 86
-86 167 164 151 126 168 161 146 119 90 89 88 87
-87 167 165 152 127 166 157 140 111 90 89 88
-88 96 103 108 107 106 105 104 90 89
-89 97 103 102 101 100 99 98 90
-90 97 96 95 94 93 92 91
-91 114 122 129 134 105 133 132 131 130 97 96 95 94 93 92
-92 142 148 153 135 99 156 155 154 130 97 96 95 94 93
-93 159 163 154 131 165 164 150 125 97 96 95 94
-94 160 163 155 132 162 161 145 118 97 96 95
-95 160 159 156 133 158 157 139 110 97 96
-96 103 108 107 106 105 104 97
-97 103 102 101 100 99 98
-98 113 121 128 134 104 138 137 136 135 103 102 101 100 99
-99 142 148 153 135 156 155 154 130 103 102 101 100
-100 143 149 153 136 152 151 150 124 103 102 101
-101 144 149 148 137 147 146 145 117 103 102
-102 144 143 142 138 141 140 139 109 103
-103 108 107 106 105 104
-104 113 121 128 134 138 137 136 135 108 107 106 105
-105 114 122 129 134 133 132 131 130 108 107 106
-106 115 123 129 128 127 126 125 124 108 107
-107 116 123 122 121 120 119 118 117 108
-108 116 115 114 113 112 111 110 109
-109 144 143 142 138 141 140 139 116 115 114 113 112 111 110
-110 160 159 156 133 158 157 139 116 115 114 113 112 111
-111 167 165 152 127 166 157 140 116 115 114 113 112
-112 168 162 147 120 166 158 141 116 115 114 113
-113 121 128 134 138 137 136 135 116 115 114
-114 122 129 134 133 132 131 130 116 115
-115 123 129 128 127 126 125 124 116
-116 123 122 121 120 119 118 117
-117 144 149 148 137 147 146 145 123 122 121 120 119 118
-118 160 163 155 132 162 161 145 123 122 121 120 119
-119 167 164 151 126 168 161 146 123 122 121 120
-120 168 162 147 166 158 141 123 122 121
-121 128 134 138 137 136 135 123 122
-122 129 134 133 132 131 130 123
-123 129 128 127 126 125 124
-124 143 149 153 136 152 151 150 129 128 127 126 125
-125 159 163 154 131 165 164 150 129 128 127 126
-126 167 164 151 168 161 146 129 128 127
-127 167 165 152 166 157 140 129 128
-128 134 138 137 136 135 129
-129 134 133 132 131 130
-130 142 148 153 135 156 155 154 134 133 132 131
-131 159 163 154 165 164 150 134 133 132
-132 160 163 155 162 161 145 134 133
-133 160 159 156 158 157 139 134
-134 138 137 136 135
-135 142 148 153 156 155 154 138 137 136
-136 143 149 153 152 151 150 138 137
-137 144 149 148 147 146 145 138
-138 144 143 142 141 140 139
-139 160 159 156 158 157 144 143 142 141 140
-140 167 165 152 166 157 144 143 142 141
-141 168 162 147 166 158 144 143 142
-142 148 153 156 155 154 144 143
-143 149 153 152 151 150 144
-144 149 148 147 146 145
-145 160 163 155 162 161 149 148 147 146
-146 167 164 151 168 161 149 148 147
-147 168 162 166 158 149 148
-148 153 156 155 154 149
-149 153 152 151 150
-150 159 163 154 165 164 153 152 151
-151 167 164 168 161 153 152
-152 167 165 166 157 153
-153 156 155 154
-154 159 163 165 164 156 155
-155 160 163 162 161 156
-156 160 159 158 157
-157 167 165 166 160 159 158
-158 168 162 166 160 159
-159 163 165 164 160
-160 163 162 161
-161 167 164 168 163 162
-162 168 166 163
-163 165 164
-164 167 168 165
-165 167 166
-166 168 167
-167 168
 0 

