Mid7
70
-1 70 69 68 67
-2 70 66 65 64
-3 69 66 63 62
-4 68 65 63 61
-5 67 64 62 61
-6 70 60 59 58
-7 69 60 57 56
-8 68 59 57 55
-9 67 58 56 55
-10 66 60 54 53
-11 65 59 54 52
-12 64 58 53 52
-13 63 57 54 51
-14 62 56 53 51
-15 61 55 52 51
-16 70 50 49 48
-17 69 50 47 46
-18 68 49 47 45
-19 67 48 46 45
-20 66 50 44 43
-21 65 49 44 42
-22 64 48 43 42
-23 63 47 44 41
-24 62 46 43 41
-25 61 45 42 41
-26 60 50 40 39
-27 59 49 40 38
-28 58 48 39 38
-29 57 47 40 37
-30 56 46 39 37
-31 55 45 38 37
-32 54 44 40 36
-33 53 43 39 36
-34 52 42 38 36
-35 51 41 37 36
0