Mid9
252
-1 252 251 250 249 248
-2 252 247 246 245 244
-3 251 247 243 242 241
-4 250 246 243 240 239
-5 249 245 242 240 238
-6 248 244 241 239 238
-7 252 237 236 235 234
-8 251 237 233 232 231
-9 250 236 233 230 229
-10 249 235 232 230 228
-11 248 234 231 229 228
-12 247 237 227 226 225
-13 246 236 227 224 223
-14 245 235 226 224 222
-15 244 234 225 223 222
-16 243 233 227 221 220
-17 242 232 226 221 219
-18 241 231 225 220 219
-19 240 230 224 221 218
-20 239 229 223 220 218
-21 238 228 222 219 218
-22 252 217 216 215 214
-23 251 217 213 212 211
-24 250 216 213 210 209
-25 249 215 212 210 208
-26 248 214 211 209 208
-27 247 217 207 206 205
-28 246 216 207 204 203
-29 245 215 206 204 202
-30 244 214 205 203 202
-31 243 213 207 201 200
-32 242 212 206 201 199
-33 241 211 205 200 199
-34 240 210 204 201 198
-35 239 209 203 200 198
-36 238 208 202 199 198
-37 237 217 197 196 195
-38 236 216 197 194 193
-39 235 215 196 194 192
-40 234 214 195 193 192
-41 233 213 197 191 190
-42 232 212 196 191 189
-43 231 211 195 190 189
-44 230 210 194 191 188
-45 229 209 193 190 188
-46 228 208 192 189 188
-47 227 207 197 187 186
-48 226 206 196 187 185
-49 225 205 195 186 185
-50 224 204 194 187 184
-51 223 203 193 186 184
-52 222 202 192 185 184
-53 221 201 191 187 183
-54 220 200 190 186 183
-55 219 199 189 185 183
-56 218 198 188 184 183
-57 252 182 181 180 179
-58 251 182 178 177 176
-59 250 181 178 175 174
-60 249 180 177 175 173
-61 248 179 176 174 173
-62 247 182 172 171 170
-63 246 181 172 169 168
-64 245 180 171 169 167
-65 244 179 170 168 167
-66 243 178 172 166 165
-67 242 177 171 166 164
-68 241 176 170 165 164
-69 240 175 169 166 163
-70 239 174 168 165 163
-71 238 173 167 164 163
-72 237 182 162 161 160
-73 236 181 162 159 158
-74 235 180 161 159 157
-75 234 179 160 158 157
-76 233 178 162 156 155
-77 232 177 161 156 154
-78 231 176 160 155 154
-79 230 175 159 156 153
-80 229 174 158 155 153
-81 228 173 157 154 153
-82 227 172 162 152 151
-83 226 171 161 152 150
-84 225 170 160 151 150
-85 224 169 159 152 149
-86 223 168 158 151 149
-87 222 167 157 150 149
-88 221 166 156 152 148
-89 220 165 155 151 148
-90 219 164 154 150 148
-91 218 163 153 149 148
-92 217 182 147 146 145
-93 216 181 147 144 143
-94 215 180 146 144 142
-95 214 179 145 143 142
-96 213 178 147 141 140
-97 212 177 146 141 139
-98 211 176 145 140 139
-99 210 175 144 141 138
-100 209 174 143 140 138
-101 208 173 142 139 138
-102 207 172 147 137 136
-103 206 171 146 137 135
-104 205 170 145 136 135
-105 204 169 144 137 134
-106 203 168 143 136 134
-107 202 167 142 135 134
-108 201 166 141 137 133
-109 200 165 140 136 133
-110 199 164 139 135 133
-111 198 163 138 134 133
-112 197 162 147 132 131
-113 196 161 146 132 130
-114 195 160 145 131 130
-115 194 159 144 132 129
-116 193 158 143 131 129
-117 192 157 142 130 129
-118 191 156 141 132 128
-119 190 155 140 131 128
-120 189 154 139 130 128
-121 188 153 138 129 128
-122 187 152 137 132 127
-123 186 151 136 131 127
-124 185 150 135 130 127
-125 184 149 134 129 127
-126 183 148 133 128 127
0