G(100, 3)
200
-1 2 100 101
-2 3 1 102
-3 4 2 103
-4 5 3 104
-5 6 4 105
-6 7 5 106
-7 8 6 107
-8 9 7 108
-9 10 8 109
-10 11 9 110
-11 12 10 111
-12 13 11 112
-13 14 12 113
-14 15 13 114
-15 16 14 115
-16 17 15 116
-17 18 16 117
-18 19 17 118
-19 20 18 119
-20 21 19 120
-21 22 20 121
-22 23 21 122
-23 24 22 123
-24 25 23 124
-25 26 24 125
-26 27 25 126
-27 28 26 127
-28 29 27 128
-29 30 28 129
-30 31 29 130
-31 32 30 131
-32 33 31 132
-33 34 32 133
-34 35 33 134
-35 36 34 135
-36 37 35 136
-37 38 36 137
-38 39 37 138
-39 40 38 139
-40 41 39 140
-41 42 40 141
-42 43 41 142
-43 44 42 143
-44 45 43 144
-45 46 44 145
-46 47 45 146
-47 48 46 147
-48 49 47 148
-49 50 48 149
-50 51 49 150
-51 52 50 151
-52 53 51 152
-53 54 52 153
-54 55 53 154
-55 56 54 155
-56 57 55 156
-57 58 56 157
-58 59 57 158
-59 60 58 159
-60 61 59 160
-61 62 60 161
-62 63 61 162
-63 64 62 163
-64 65 63 164
-65 66 64 165
-66 67 65 166
-67 68 66 167
-68 69 67 168
-69 70 68 169
-70 71 69 170
-71 72 70 171
-72 73 71 172
-73 74 72 173
-74 75 73 174
-75 76 74 175
-76 77 75 176
-77 78 76 177
-78 79 77 178
-79 80 78 179
-80 81 79 180
-81 82 80 181
-82 83 81 182
-83 84 82 183
-84 85 83 184
-85 86 84 185
-86 87 85 186
-87 88 86 187
-88 89 87 188
-89 90 88 189
-90 91 89 190
-91 92 90 191
-92 93 91 192
-93 94 92 193
-94 95 93 194
-95 96 94 195
-96 97 95 196
-97 98 96 197
-98 99 97 198
-99 100 98 199
-100 99 1 200
-101 104 198
-102 105 199
-103 106 200
-104 107 101
-105 108 102
-106 109 103
-107 110 104
-108 111 105
-109 112 106
-110 113 107
-111 114 108
-112 115 109
-113 116 110
-114 117 111
-115 118 112
-116 119 113
-117 120 114
-118 121 115
-119 122 116
-120 123 117
-121 124 118
-122 125 119
-123 126 120
-124 127 121
-125 128 122
-126 129 123
-127 130 124
-128 131 125
-129 132 126
-130 133 127
-131 134 128
-132 135 129
-133 136 130
-134 137 131
-135 138 132
-136 139 133
-137 140 134
-138 141 135
-139 142 136
-140 143 137
-141 144 138
-142 145 139
-143 146 140
-144 147 141
-145 148 142
-146 149 143
-147 150 144
-148 151 145
-149 152 146
-150 153 147
-151 154 148
-152 155 149
-153 156 150
-154 157 151
-155 158 152
-156 159 153
-157 160 154
-158 161 155
-159 162 156
-160 163 157
-161 164 158
-162 165 159
-163 166 160
-164 167 161
-165 168 162
-166 169 163
-167 170 164
-168 171 165
-169 172 166
-170 173 167
-171 174 168
-172 175 169
-173 176 170
-174 177 171
-175 178 172
-176 179 173
-177 180 174
-178 181 175
-179 182 176
-180 183 177
-181 184 178
-182 185 179
-183 186 180
-184 187 181
-185 188 182
-186 189 183
-187 190 184
-188 191 185
-189 192 186
-190 193 187
-191 194 188
-192 195 189
-193 196 190
-194 197 191
-195 198 192
-196 199 193
-197 200 194
-198 101 195
-199 102 196
-200 103 197
0