G(100, 5)
200
-1 2 100 101
-2 3 1 102
-3 4 2 103
-4 5 3 104
-5 6 4 105
-6 7 5 106
-7 8 6 107
-8 9 7 108
-9 10 8 109
-10 11 9 110
-11 12 10 111
-12 13 11 112
-13 14 12 113
-14 15 13 114
-15 16 14 115
-16 17 15 116
-17 18 16 117
-18 19 17 118
-19 20 18 119
-20 21 19 120
-21 22 20 121
-22 23 21 122
-23 24 22 123
-24 25 23 124
-25 26 24 125
-26 27 25 126
-27 28 26 127
-28 29 27 128
-29 30 28 129
-30 31 29 130
-31 32 30 131
-32 33 31 132
-33 34 32 133
-34 35 33 134
-35 36 34 135
-36 37 35 136
-37 38 36 137
-38 39 37 138
-39 40 38 139
-40 41 39 140
-41 42 40 141
-42 43 41 142
-43 44 42 143
-44 45 43 144
-45 46 44 145
-46 47 45 146
-47 48 46 147
-48 49 47 148
-49 50 48 149
-50 51 49 150
-51 52 50 151
-52 53 51 152
-53 54 52 153
-54 55 53 154
-55 56 54 155
-56 57 55 156
-57 58 56 157
-58 59 57 158
-59 60 58 159
-60 61 59 160
-61 62 60 161
-62 63 61 162
-63 64 62 163
-64 65 63 164
-65 66 64 165
-66 67 65 166
-67 68 66 167
-68 69 67 168
-69 70 68 169
-70 71 69 170
-71 72 70 171
-72 73 71 172
-73 74 72 173
-74 75 73 174
-75 76 74 175
-76 77 75 176
-77 78 76 177
-78 79 77 178
-79 80 78 179
-80 81 79 180
-81 82 80 181
-82 83 81 182
-83 84 82 183
-84 85 83 184
-85 86 84 185
-86 87 85 186
-87 88 86 187
-88 89 87 188
-89 90 88 189
-90 91 89 190
-91 92 90 191
-92 93 91 192
-93 94 92 193
-94 95 93 194
-95 96 94 195
-96 97 95 196
-97 98 96 197
-98 99 97 198
-99 100 98 199
-100 99 1 200
-101 106 196
-102 107 197
-103 108 198
-104 109 199
-105 110 200
-106 111 101
-107 112 102
-108 113 103
-109 114 104
-110 115 105
-111 116 106
-112 117 107
-113 118 108
-114 119 109
-115 120 110
-116 121 111
-117 122 112
-118 123 113
-119 124 114
-120 125 115
-121 126 116
-122 127 117
-123 128 118
-124 129 119
-125 130 120
-126 131 121
-127 132 122
-128 133 123
-129 134 124
-130 135 125
-131 136 126
-132 137 127
-133 138 128
-134 139 129
-135 140 130
-136 141 131
-137 142 132
-138 143 133
-139 144 134
-140 145 135
-141 146 136
-142 147 137
-143 148 138
-144 149 139
-145 150 140
-146 151 141
-147 152 142
-148 153 143
-149 154 144
-150 155 145
-151 156 146
-152 157 147
-153 158 148
-154 159 149
-155 160 150
-156 161 151
-157 162 152
-158 163 153
-159 164 154
-160 165 155
-161 166 156
-162 167 157
-163 168 158
-164 169 159
-165 170 160
-166 171 161
-167 172 162
-168 173 163
-169 174 164
-170 175 165
-171 176 166
-172 177 167
-173 178 168
-174 179 169
-175 180 170
-176 181 171
-177 182 172
-178 183 173
-179 184 174
-180 185 175
-181 186 176
-182 187 177
-183 188 178
-184 189 179
-185 190 180
-186 191 181
-187 192 182
-188 193 183
-189 194 184
-190 195 185
-191 196 186
-192 197 187
-193 198 188
-194 199 189
-195 200 190
-196 101 191
-197 102 192
-198 103 193
-199 104 194
-200 105 195
0